-0.62147
0.14428
-0.011459
1.5244
0.17767
-0.047243
-1.6017
0.22213
0.50649
-0.2931
-0.81462
0.095868
-0.32158
1.375
1.3237
0.69584
-1.497
-0.29333
-0.69492
-0.23082
-0.83915
0.26848
0.84799
-1.3386
-0.42177
-1.1711
0.21629
-1.2413
-1.5621
-2.1275
-1.616
-1.6654
-0.80274
-0.78205
-0.9439
-1.5842
-2.6311
-0.39896
-0.89426
-3.1129
-2.3993
-3.2767
-2.1977
-3.1715
-1.0769
-1.1573
-3.2846
-2.2901
-0.51658
-1.5751
-0.37653
-0.91534
0.34194
-2.1958
1.4006
-2.2893
-1.089
-0.45114
-2.2015
-2.082
-0.30634
-1.4638
-0.70159
-2.7006
-3.6201
-3.117
-0.82588
-1.6867
-2.9041
-1.7067
-0.19845
-1.9698
-2.4841
-2.3348
-1.9015
-0.24446
-2.3174
-2.1575
-3.5689
-1.6597
-3.4754
-2.3935
-1.5807
-2.4409
-4.0693
-2.784
-2.3483
-3.0236
-2.1931
-2.9298
-3.229
-2.0971
-2.2014
-1.9595
-1.9335
-3.331
-2.2895
-2.0534
-2.619
-1.5457
-2.8397
-2.4751
-1.3089
-3.0909
-1.4584
-1.0106
-1.7651
-0.85652
-0.42349
0.1545
-2.152
-2.6724
-2.9763
-2.1816
-0.59269
-3.7229
-2.6158
-3.4536
-0.77873
-3.0549
-1.3794
-3.2661
-0.28141
-1.848
-1.5438
-2.2334
-2.8539
-4.4056
-2.5477
-3.8484
-3.4284
-1.8162
-4.2764
-3.1754
-3.7935
-2.4129
-3.9199
-1.7972
-0.56039
0.74336
-0.34525
2.6493
4.2289
5.766
4.5874
3.3376
2.409
2.3004
2.013
-0.25639
-3.0726
-4.4631
-4.7946
-4.1064
-2.9721
-2.6642
-2.0356
-4.501
-2.8696
-1.4756
-2.2171
-2.2833
-0.8369
3.2461
8.3703
9.7588
12.014
11.253
9.3576
10.096
10.236
6.8705
4.3063
2.6553
1.1667
-1.4143
-1.1945
-3.1469
-4.5923
-5.8022
-3.3968
-4.395
-4.4833
-4.7284
-0.56189
3.8082
9.6491
11.638
13.741
14.142
17.032
14.595
13.978
13.473
15.423
9.8149
7.6695
5.3464
6.8998
4.4188
1.6655
-1.728
-1.9477
-2.6573
-4.4326
-4.0516
-5.3501
-4.7527
-2.2928
1.8892
5.1233
12.297
12.013
16.244
17.165
15.594
16.254
15.965
13.609
9.18
11.625
8.3429
8.3649
5.8253
2.8354
3.4908
0.38707
0.18489
0.88978
-1.2344
-0.32299
-1.7393
1.3247
2.2287
6.0633
10.031
10.27
11.459
11.117
14.38
13.892
12.665
10.278
12.573
8.9572
6.9612
7.1814
7.0064
8.1424
4.8606
3.631
4.0785
3.3876
0.57291
-1.2887
-0.96552
-0.14418
-0.40857
1.3041
6.9441
5.1537
7.5668
5.0084
7.4667
5.0975
6.4559
5.5506
3.3312
2.4108
4.6404
2.2257
4.0648
3.4457
2.3773
2.6215
3.8867
1.5856
2.3176
1.6715
1.6518
1.76
1.9619
2.4065
2.3111
-0.72668
1.9171
3.3108
0.66613
3.4232
4.4377
1.1999
0.7954
3.5044
2.6502
2.4884
-0.22194
1.297
1.8373
1.0149
0.72999
1.3513
-0.21335
4.0277
1.3737
-1.8502
-1.5503
-0.59003
-0.1935
-2.0266
0.21673
-0.41992
-0.39458
1.5402
-1.1973
0.41027
0.61979
0.78703
-0.29441
0.11893
0.044029
-1.9961
-0.019464
-1.1336
-1.3952
0.1626
-0.61369
-0.61589
0.9747
-2.328
-0.59635
-1.1703
-0.83463
-2.344
-0.16709
0.22029
0.99217
-0.007342
-1.8126
-0.072906
0.64225
1.3849
0.093093
0.62321
1.8498
-1.9694
-1.8274
-0.12535
0.65937
0.28009
-1.5417
1.5324
0.61096
-1.9905
0.039991
-1.8049
-0.28457
0.53597
-0.40926
-1.5341
1.2918
0.66551
-2.6554
-1.0597
0.62449
-0.15859
-1.6019
0.68838
-0.8195
0.47823
2.6954
2.8327
1.7545
-1.4024
1.5577
0.16149
0.16525
0.027829
-2.196
1.8689
0.61817
-1.6932
0.31982
-0.36818
-0.571
1.2822
1.2761
-3.4238
0.034777
1.0419
0.6541
-3.1053
0.080362
0.77286
-0.71976
-0.21941
-1.3421
1.0872
1.9609
0.63439
0.43919
0.98572
2.7283
1.748
-0.0057882
0.73137
-0.39586
-0.8588
0.37651
-1.1749
-2.2883
-1.722
1.2405
1.4094
1.7873
0.67763
1.3949
1.3843
2.0301
-0.54131
1.2874
0.86885
