19.937
19.947
19.953
19.96
19.967
19.977
19.977
19.977
19.987
19.993
19.997
20.003
20.003
20.007
20.01
20.01
20.007
20.013
20.007
20.007
20.02
20.013
20.003
20.01
20.023
20.017
20.003
20.033
20.037
20.06
20.087
20.117
20.143
20.177
20.203
20.23
20.25
20.267
20.277
20.273
20.263
20.247
20.227
20.2
20.17
20.14
20.113
20.093
20.077
20.073
20.07
20.08
20.103
20.137
20.18
20.22
20.283
20.33
20.383
20.437
20.473
20.513
20.543
20.563
20.573
20.577
20.567
20.543
20.52
20.493
20.47
20.44
20.417
20.403
20.393
20.393
20.4
20.427
20.453
20.487
20.523
20.567
20.62
20.657
20.7
20.74
20.763
20.787
20.8
20.793
20.79
20.78
20.76
20.73
20.703
20.68
20.66
20.643
20.633
20.627
20.64
20.657
20.68
20.713
20.75
20.797
20.843
20.89
20.937
20.977
21.013
21.04
21.057
21.06
21.06
21.053
21.03
21.003
20.98
20.957
20.93
20.903
20.887
20.877
20.883
20.893
20.917
20.943
20.967
21.003
21.057
21.107
21.143
21.18
21.22
21.273
21.283
21.31
21.31
21.31
21.3
21.28
21.257
21.23
21.203
21.18
21.16
21.147
21.143
21.147
21.16
21.18
21.213
21.25
21.29
21.337
21.38
21.423
21.463
21.493
21.52
21.54
21.547
21.543
21.537
21.52
21.503
21.48
21.453
21.43
21.41
21.387
21.38
21.387
21.397
21.413
21.443
21.477
21.517
21.557
21.607
21.657
21.693
21.737
21.763
21.787
21.797
21.797
21.8
21.783
21.767
21.747
21.72
21.693
21.67
21.653
21.64
21.637
21.64
21.657
21.673
21.71
21.743
21.79
21.833
21.877
21.923
21.963
22
22.03
22.05
22.063
22.063
22.053
22.037
22.02
21.99
21.963
21.933
21.907
21.893
21.88
21.88
21.89
21.907
21.93
21.967
22.01
22.05
22.1
22.157
22.19
22.227
22.26
22.283
22.293
22.303
22.297
22.293
22.277
22.25
22.227
22.2
22.16
22.157
22.15
22.147
22.147
22.16
22.167
22.19
22.243
22.273
22.323
22.367
22.413
22.45
22.487
22.51
22.537
22.55
22.557
22.547
22.537
22.517
22.493
22.47
22.44
22.42
22.4
22.397
22.39
22.393
22.41
22.437
22.463
22.507
22.54
22.59
22.633
22.68
22.717
22.753
22.773
22.797
22.803
22.803
22.797
22.777
22.757
22.727
22.7
22.677
22.66
22.647
22.64
22.64
22.653
22.673
22.693
22.733
22.777
22.813
22.86
22.907
22.943
22.98
23.01
23.033
23.05
23.053
23.047
23.03
23.013
22.993
22.967
22.943
22.917
22.9
22.893
22.89
22.893
22.91
22.94
22.97
23.01
23.05
23.097
23.14
23.187
23.22
23.26
23.283
23.3
23.31
23.313
23.3
23.287
23.263
23.237
23.207
23.18
23.167
23.147
23.14
23.143
23.147
23.17
23.193
23.227
23.273
23.31
23.357
23.397
23.437
23.473
23.485
23.52
23.59
23.57
NaN
