-0.26551
-0.36002
1.8011
0.24145
0.7036
0.73782
0.46772
-0.20092
0.77926
0.38008
0.38228
0.05376
1.3637
0.74971
1.2635
-0.56308
1.2151
0.58418
1.6515
2.8067
3.1638
2.4157
2.7228
2.0369
3.3428
3.0404
3.34
4.4452
3.3759
5.3121
6.1591
3.6746
4.7704
4.0901
4.1627
3.5569
5.821
5.2689
7.3229
5.9284
6.0632
6.5663
7.2701
9.3157
7.9881
7.8939
8.6138
8.9633
9.6587
10.599
11.073
12.786
12.383
13.029
12.277
11.335
13.111
14.294
13.783
14.146
14.736
13.292
15.017
12.533
15.069
14.093
15.947
15.458
15.065
15.468
15.868
18.308
17.111
18.345
18.312
17.63
17.576
18.054
18.728
19.895
19.739
18.847
19.95
20.104
19.249
18.704
19.744
19.687
21.336
20.69
21.814
22.181
22.662
21.642
22.742
22.018
23.263
22.167
21.934
21.328
21.829
21.478
22.463
22.675
24.338
24.18
23.397
24.215
24.849
24.832
25.891
24.256
25.166
25.138
24.566
25.904
25.352
25.414
25.138
26.137
27.722
26.972
26.526
26.873
27.795
25.655
26.687
26.453
26.173
27.032
27.258
27.739
25.635
27.416
27.457
28.677
27.368
27.438
27.66
27.262
27.138
27.838
27.235
28.189
29.529
28.379
29.354
29.345
28.521
29.349
29.355
28.341
27.209
26.945
27.351
26.149
26.967
26.06
25.264
25.2
26.015
24.892
23.904
21.486
23.741
20.369
21.324
20.173
20.069
18.309
19.325
19.499
18.118
16.473
16.594
15.486
16.287
17.716
15.737
15.363
12.393
12.678
12.195
13.172
12.894
12.993
13.591
13.949
11.906
11.233
12.135
10.395
10.333
10.367
9.8267
7.7124
8.3023
8.4474
7.4798
6.693
6.5564
5.2996
6.1061
5.75
5.88
4.8078
5.1725
4.9624
5.3138
6.2475
5.198
4.8616
5.8208
4.0532
4.7043
5.3441
4.1767
6.0225
4.4679
4.5301
3.0716
2.2001
3.4532
2.8936
4.8062
1.974
1.893
3.1876
1.7508
1.4408
0.89622
2.0042
0.70027
2.302
1.7942
0.75025
1.6529
0.50343
-0.046795
-0.41504
0.047405
-0.6415
-0.18094
-0.38368
-0.33862
0.69009
-0.54623
-0.30237
-0.44669
-0.25277
-0.4979
-0.33225
0.18579
0.82631
-1.0648
-0.12563
-1.0482
-0.50849
-0.23542
-0.94883
-0.30077
-0.48843
-1.1302
-1.2322
-1.3407
-0.22246
-1.5134
-1.0792
0.032375
-1.3114
-1.2239
-0.93198
-1.3156
-0.74576
-1.4601
-0.17702
0.32595
-0.31774
-1.1979
-0.49708
-0.93443
-0.53039
-0.14897
0.32007
0.3689
0.031426
1.4493
0.41079
1.0457
0.35958
-1.4986
0.12088
-0.53317
0.22889
-0.49487
-1.2507
-0.24741
0.77564
0.13855
0.13368
-0.27352
1.5381
1.5358
1.1881
1.4331
0.1046
0.6916
0.54369
-0.16294
0.75005
-0.48609
0.069817
0.79908
0.93666
0.049125
-0.073347
0.045381
-0.24386
-0.32111
-0.01394
-0.17881
-0.38514
0.22918
-0.16558
1.1233
0.9368
-1.0766
0.37717
-0.17117
-0.50658
-0.28044
-0.075034
0.068191
-0.56872
0.52141
0.28964
0.49317
-0.28601
-0.048567
-0.12393
0.86255
-1.2253
-0.81075
0.87578
-0.056973
0.14467
0.36515
0.65819
0.12115
-1.3571
0.41608
0.13061
0.04394
-0.27828
0.12594
0.36621
-1.1875
0.19475
0.68941
-0.49396
-0.74963
