-1.4134
1.1005
1.8028
-0.44359
1.254
-0.51977
0.18822
2.3222
0.444
-4.735
-2.984
0.034559
-1.0171
0.26379
0.41625
-0.60397
0.31591
-1.2454
0.12814
1.3555
-0.0059017
-3.7618
-3.1005
-0.57696
1.2708
0.22715
1.9227
-1.7553
-1.8278
-0.3149
0.6528
-1.1126
-2.0731
1.1912
1.8669
-1.7811
-1.0077
-0.97835
-0.66807
0.28692
0.96555
1.2832
0.81091
-2.479
-0.28823
0.47577
0.10668
0.95637
-0.30563
-0.36195
1.2995
-0.89943
1.5609
-1.0485
-1.5441
-2.5248
-0.92039
-1.7172
0.96612
-0.71124
3.3931
5.2873
4.639
6.1556
12.12
11.756
17.072
17.309
13.785
10.048
7.7442
6.845
0.54368
0.63181
-0.097416
-3.7104
-3.9043
-1.6016
-2.6512
0.076129
0.48141
3.4043
6.7726
15.543
20.517
25.637
19.83
19.141
20.829
23.184
21.974
19.79
18.13
17.467
15.174
11.53
8.9222
5.567
3.2168
0.49742
-3.6157
-5.6287
-3.9948
-1.1083
2.1709
-1.5456
7.1042
14.283
10.293
12.26
18.843
16.494
19.582
16.07
13.876
17.023
19.06
15.055
13.115
11.302
12.622
6.1462
7.8553
1.0547
1.3843
1.9786
-5.4386
-4.7732
-4.0533
-2.2855
-0.77685
2.8302
6.6411
8.5505
10.153
13.521
13.61
9.7683
13.283
12.973
12.022
7.7046
13.412
10.464
9.119
6.0804
3.7772
0.87724
0.1685
2.7572
-4.6496
-0.57862
-4.5977
-2.6471
-2.4935
-4.0771
2.1415
4.1194
5.801
12.622
11.209
9.1531
11.306
16.436
13.114
8.8162
4.7465
7.7157
8.7245
5.9655
6.7942
3.9617
0.56371
2.3233
-3.517
-2.8639
-1.7793
-2.7425
-3.2525
-2.6236
-2.2007
1.0155
3.1184
4.4818
6.0703
9.9939
10.916
7.5386
7.4727
9.8756
12.677
14.83
12.097
9.8753
7.5489
6.8585
7.7036
3.3097
-2.6181
-1.9448
-2.7093
-2.4641
-3.5804
-1.5379
-0.44861
-0.35476
4.3476
3.0808
6.7151
9.3827
11.894
12.085
15.205
10.253
10.665
14.298
11.58
9.5049
11.813
10.412
4.0932
7.3219
6.1674
2.7488
2.6282
0.23741
0.48698
1.5515
-0.78375
4.3696
3.847
2.6343
6.3374
8.7142
10.412
12.927
12.919
15.142
12.026
12.744
13.707
12.762
9.7673
10.349
5.3722
8.9232
4.224
3.3019
0.98692
-0.3341
-0.99312
1.3869
2.9019
2.8864
1.4741
2.2743
4.2087
10.482
9.1888
13.645
15.686
13.641
13.053
10.067
8.8267
16.242
19.148
15.342
17.531
12.569
9.1646
7.6754
6.689
7.75
6.2933
-0.57047
2.0397
4.0499
4.4625
3.4357
4.1199
12.605
12.787
7.1851
14.909
20.198
12.809
16.385
19.777
16.316
13.307
14.737
15.883
15.95
13.263
10.304
7.3218
6.6111
5.3812
2.595
2.4492
5.9862
4.1802
6.1058
4.4592
6.4664
3.569
9.7901
10.997
13.012
19.213
19.74
21.745
18.85
18.61
18.452
12.939
17.515
12.799
11.29
10.129
11.297
10.973
12.936
17.422
12.338
11.949
14.824
14.447
11.316
16.677
22.997
12.965
19.479
16.838
16.828
15.442
18.906
22.681
16.125
21.101
19.336
13.815
13.732
15.584
11.036
8.4228
9.0872
6.506
7.6072
5.6687
11.015
4.0624
6.3407
9.1933
17.122
16.575
21.442
23.173
19.776
18.424
17.37
23.454
18.846
19.776
14.67
20.885
15.43
13.544
13.165
13.82
9.6928
11.27
12.879
11.822
10.284
8.1551
8.5601
14.579
13.308
11.719
14.222
18.141
21.16
27.939
23.243
21.969
24.093
25.651
27.134
28.649
23.657
19.591
17.783
18.945
14.306
10.489
15.125
11.995
14.337
12.027
11.541
11.695
12.608
5.3411
11.154
10.124
17.99
20.067
15.839
14.136
20.833
14.601
25.823
16.474
16.079
18.764
22.238
23.554
17.486
20.034
19.486
18.888
15.511
11.592
15.956
11.48
11.245
12.634
18.355
21.043
19.902
20.068
22.973
23.695
22.656
25.205
26.148
23.035
28.057
22.098
22.461
19.54
20.782
20.887
21.45
17.57
22.066
19.727
17.717
16.24
11.478
15.455
18.819
15.451
14.134
17.226
16.281
19.927
20.048
14.52
19.741
21.972
18.679
19.322
25.503
22.889
18.746
15.76
23.839
19.811
14.572
15.476
15.724
17.615
11.981
20.534
19.323
27.144
32.302
30.576
31.676
33.435
24.026
22.329
24.402
22.619
17.623
18.773
18.844
27.205
24.451
19.406
22.906
25.114
21.695
20.402
17.244
17.492
16.241
19.941
18.507
18.674
15.115
14.098
15.582
22.425
23.228
24.228
24.143
19.7
