0.53298
1.3127
0.60883
0.43178
0.49885
0.62727
0.52765
0.17686
1.0396
1.3363
1.1402
0.71738
0.86512
0.27858
1.266
0.86261
1.5768
0.67432
0.5872
1.7757
0.47445
1.5759
1.0255
1.3747
1.3969
0.34634
0.84646
0.18852
0.85061
0.53419
1.0854
0.63715
0.91994
0.12895
0.88065
0.76879
0.72186
0.81463
0.68027
0.46078
0.25797
0.94589
0.51092
0.43203
0.82673
0.065282
0.26989
0.91627
0.6541
0.8314
0.53657
0.27989
0.76248
1.5783
0.32363
1.0988
0.24188
0.18866
0.77694
0.34177
0.67238
0.66593
1.4394
1.3585
0.87537
1.3536
0.72175
1.6169
0.95891
0.95548
2.1104
1.3027
0.74288
1.2153
1.223
1.6971
0.87599
1.619
1.0322
1.0034
0.82665
1.6127
0.77418
0.75117
1.1473
1.3612
1.4677
1.9808
1.2526
1.1367
1.7671
1.4333
0.48933
1.8426
1.5586
1.3419
0.56922
1.5019
1.3995
1.0675
1.4381
1.2003
2.0903
1.0611
1.1727
1.3984
1.4313
1.4334
1.8307
1.1086
0.57401
1.032
1.303
1.5888
1.2645
2.2099
1.0934
2.1342
0.94299
1.2542
1.3742
1.4959
1.7468
2.2273
1.4425
1.5404
1.0296
1.7564
1.9255
1.5615
1.455
1.7847
1.9441
1.4848
1.9105
1.288
0.86657
1.6202
1.118
1.5143
1.3346
1.4769
1.4449
1.487
1.2248
2.2245
3.324
2.1189
0.9276
2.4405
0.422
2.4856
2.0696
1.7143
2.085
2.374
2.3739
2.2135
1.4012
1.5609
2.3885
2.2539
2.7062
2.5709
1.2358
1.9002
1.3624
2.1259
2.5674
1.9051
2.1463
1.5536
2.3267
2.2586
1.7514
2.3419
1.6635
1.5771
2.0189
2.0199
2.1196
1.6782
2.0004
3.217
1.0265
1.5077
1.9443
2.4698
1.2928
2.5665
1.6635
2.9772
2.8829
2.0185
2.3212
2.3725
2.5471
2.4459
1.8185
1.9468
2.0445
1.6923
2.0813
2.2652
2.4536
2.385
1.9314
2.2851
2.938
1.4368
2.0378
2.752
2.1629
2.3727
2.0284
2.1587
2.5727
2.5928
2.2435
2.8701
2.4441
3.09
2.3995
2.3833
2.5378
2.811
2.0777
2.7561
1.6387
2.6273
3.1386
2.4133
2.9712
2.2422
1.755
3.0606
3.4492
2.407
3.7822
6.2296
6.6363
8.0594
6.1629
5.9394
5.2349
3.8103
2.7388
2.4095
3.549
2.3948
2.7177
3.0899
2.9188
1.7809
2.2296
2.0576
3.3838
3.4516
2.0745
2.9989
4.4151
7.267
8.3286
10.427
10.725
10.375
9.6045
7.5288
7.1762
6.1819
4.1046
2.1962
1.5673
1.2939
0.92959
1.2946
3.3334
2.9428
2.7341
2.8111
3.6119
3.0594
3.5335
4.7161
8.1738
10.795
10.641
12.56
11.509
9.9168
8.8053
9.4751
6.9636
5.1711
5.4276
3.8843
3.2197
1.8564
1.0036
1.2273
0.6116
2.7548
2.8086
3.2319
2.578
2.9852
3.7085
4.6221
7.2424
10.459
10.954
12.136
12.11
11.522
10.897
9.9635
10.738
8.8273
7.5308
6.2229
5.9644
5.0147
4.3532
3.0681
3.7042
2.654
2.0632
3.6422
4.2673
3.7695
4.0727
5.77
8.7
9.3399
11.307
11.412
12.058
12.299
12.201
10.997
9.4165
9.4698
9.3434
8.5937
7.2179
9.0357
6.0261
5.8179
5.5137
2.4558
3.3613
2.6843
2.7456
2.8454
4.1507
4.384
5.8929
6.2733
8.9439
9.8046
10.273
