19.99
19.99
19.99
19.99
19.99
19.99
19.99
19.99
19.99
19.99
19.99
19.99
19.99
19.99
19.99
19.99
19.99
19.99
19.99
19.99
19.99
19.99
19.99
19.99
20
20
20.01
20.02
20.03
20.05
20.06
20.08
20.1
20.13
20.15
20.19
20.23
20.27
20.3
20.34
20.38
20.43
20.48
20.52
20.57
20.61
20.65
20.7
20.75
20.78
20.81
20.85
20.89
20.92
20.96
20.99
21.02
21.05
21.08
21.11
21.13
21.16
21.19
21.21
21.24
21.27
21.3
21.32
21.35
21.39
21.42
21.44
21.46
21.5
21.53
21.56
21.58
21.62
21.65
21.68
21.71
21.75
21.78
21.82
21.86
21.9
21.93
21.97
22
22.03
22.07
22.1
22.13
22.16
22.19
22.22
22.24
22.28
22.3
22.33
22.37
22.4
22.43
22.46
22.49
22.52
22.55
22.59
22.61
22.63
22.67
22.71
22.73
22.75
22.79
22.83
22.85
22.88
22.91
22.95
22.98
23.02
23.04
23.06
23.09
23.11
23.15
23.19
23.22
23.25
23.28
23.31
23.34
23.38
23.41
23.44
23.46
23.5
23.53
23.56
23.59
23.62
23.66
23.7
23.72
23.75
23.78
23.82
23.85
23.87
23.9
23.94
23.97
23.99
24.02
24.04
24.08
24.12
24.13
24.16
24.19
24.23
24.25
24.28
24.31
24.35
24.38
24.41
24.45
24.47
24.51
24.53
24.56
24.59
24.62
24.65
24.68
24.71
24.75
24.77
24.8
24.84
24.87
24.9
24.95
24.97
24.99
25.02
25.05
25.08
25.11
25.14
25.17
25.2
25.23
25.26
25.29
25.33
25.36
25.39
25.41
25.45
25.48
25.5
25.54
25.57
25.6
25.63
25.66
25.69
25.72
25.76
25.79
25.82
25.84
25.88
25.9
25.93
25.96
25.99
26.02
26.05
26.08
26.11
26.15
26.18
26.21
26.23
26.26
26.29
26.32
26.34
26.37
26.4
26.44
26.47
26.49
26.53
26.57
26.6
26.63
26.66
26.69
26.72
26.76
26.79
26.81
26.84
26.88
26.91
26.94
26.97
27
27.03
27.07
27.1
27.13
27.16
27.19
27.22
27.25
27.28
27.31
27.33
27.36
27.39
27.42
27.45
27.48
27.51
27.54
27.57
27.6
27.64
27.67
27.7
27.73
27.75
27.78
27.82
27.84
27.88
27.91
27.95
27.98
28.01
28.04
28.07
28.1
28.13
28.16
28.19
28.23
28.25
28.27
28.31
28.34
28.36
28.39
28.42
28.44
28.48
28.52
28.55
28.58
28.6
28.63
28.66
28.69
28.73
28.76
28.81
28.83
28.85
28.88
28.91
28.95
28.98
29.01
29.05
29.08
29.1
29.14
29.18
29.2
29.23
29.26
29.29
29.32
29.35
29.38
29.41
29.44
29.46
29.49
29.52
29.55
29.6
29.62
29.64
29.67
29.7
29.73
29.76
29.79
29.83
29.86
29.9
29.93
29.96
29.99
30.02
30.05
30.08
30.11
30.14
30.17
30.2
30.22
30.26
30.29
30.32
30.35
30.38
30.42
30.45
30.47
30.51
30.53
30.56
30.59
30.62
30.65
30.69
30.72
30.75
30.77
30.8
30.83
30.86
30.9
30.93
30.96
30.98
31.02
31.04
31.08
31.11
31.14
31.18
31.21
31.23
31.27
31.3
31.33
31.36
31.4
31.43
31.45
31.48
31.5
31.53
31.56
31.59
31.62
31.65
31.68
31.72
31.74
31.78
31.82
31.85
31.87
31.91
31.93
31.97
32
32.03
32.06
32.1
32.13
