15.89
15.88
15.88
15.9
15.89
15.89
15.9
15.9
15.9
15.91
15.91
15.9
15.91
15.92
15.92
15.92
15.93
15.92
15.92
15.93
15.93
15.93
15.94
15.97
15.98
16.02
16.09
16.16
16.24
16.32
16.4
16.47
16.52
16.58
16.62
16.62
16.62
16.61
16.57
16.52
16.49
16.45
16.4
16.37
16.36
16.36
16.37
16.41
16.5
16.58
16.67
16.8
16.96
17.07
17.18
17.3
17.38
17.45
17.5
17.53
17.52
17.5
17.47
17.42
17.37
17.32
17.27
17.22
17.2
17.18
17.18
17.22
17.28
17.36
17.46
17.57
17.7
17.82
17.93
18.03
18.12
18.2
18.25
18.26
18.25
18.22
18.2
18.15
18.09
18.05
17.99
17.96
17.92
17.9
17.92
17.94
18
18.08
18.17
18.27
18.39
18.5
18.63
18.75
18.84
18.93
18.97
19.01
19.01
19
18.97
18.92
18.88
18.81
18.76
18.71
18.67
18.67
18.66
18.71
18.75
18.83
18.92
19.02
19.16
19.27
19.38
19.49
19.57
19.66
19.71
19.74
19.75
19.74
19.71
19.67
19.61
19.55
19.5
19.45
19.41
19.4
19.39
19.42
19.48
19.56
19.66
19.77
19.89
20.04
20.16
20.26
20.36
20.45
20.51
20.56
20.57
20.57
20.54
20.49
20.43
20.36
20.3
20.24
20.2
20.17
20.17
20.19
20.23
20.3
20.38
20.49
20.61
20.72
20.87
20.98
21.09
21.18
21.26
21.3
21.32
21.31
21.28
21.24
21.18
21.13
21.06
20.99
20.93
20.89
20.89
20.9
20.94
21
21.09
21.19
21.33
21.46
21.58
21.71
21.82
21.91
22
22.05
22.07
22.07
22.05
22
21.94
21.88
21.82
21.76
21.71
21.67
21.65
21.66
21.7
21.75
21.83
21.93
22.04
22.15
22.3
22.42
22.53
22.62
22.71
22.76
22.8
22.81
22.8
22.75
22.69
22.62
22.55
22.49
22.44
22.41
22.39
22.41
22.44
22.5
22.58
22.68
22.82
22.94
23.07
23.22
23.33
23.43
23.5
23.56
23.59
23.59
23.56
23.51
23.46
23.4
23.32
23.26
23.19
23.15
23.13
23.13
23.17
23.24
23.33
23.43
23.57
23.7
23.82
23.96
24.07
24.16
24.24
24.31
24.34
24.34
24.32
24.27
24.21
24.14
24.06
23.99
23.93
23.89
23.88
23.89
23.94
24.01
24.09
24.2
24.32
24.45
24.61
24.73
24.85
24.94
25.02
25.08
25.1
25.09
25.07
24.99
24.93
24.87
24.79
24.72
24.65
24.61
24.61
24.62
24.66
24.74
24.83
24.93
25.06
25.19
25.35
25.47
25.58
25.68
25.76
25.82
25.85
25.86
25.84
25.8
25.73
25.66
25.58
25.51
25.44
25.4
25.39
25.4
25.43
25.49
25.59
25.69
25.84
25.96
26.09
26.22
26.33
26.44
26.51
26.55
26.57
26.57
26.54
26.49
26.41
26.35
26.27
26.2
26.14
26.09
26.08
26.09
26.14
26.21
26.32
26.44
26.56
26.7
26.84
26.97
27.1
27.2
27.27
27.33
27.36
27.36
27.34
27.29
27.24
27.17
27.09
27.02
26.95
26.91
26.89
26.9
26.93
27
27.09
27.19
27.31
27.43
27.6
27.72
27.84
27.95
28.03
28.09
28.12
28.12
28.09
28.04
27.98
27.91
27.83
27.75
27.69
27.64
27.61
27.62
27.65
27.72
27.81
27.92
28.04
28.16
28.3
28.45
28.56
28.66
28.75
28.81
28.84
28.84
28.82
28.78
28.72
28.65
28.57
28.49
28.44
28.4
28.38
28.39
28.43
28.51
28.61
28.72
28.85
29
29.13
29.26
29.38
29.51
29.59
29.64
29.66
29.65
29.61
29.56
29.49
29.41
29.32
29.24
29.19
29.15
29.14
29.16
29.2
29.27
29.36
29.46
29.62
29.75
29.89
30.04
30.16
30.26
30.33
30.38
30.4
30.39
30.36
30.3
30.23
30.15
30.06
29.99
29.92
29.88
29.86
29.87
29.91
29.98
30.07
30.2
30.33
30.46
30.59
30.73
30.87
30.97
31.05
31.11
31.13
31.13
NaN
NaN
NaN
NaN
NaN
NaN
NaN
NaN
NaN
NaN
NaN
NaN
NaN
NaN
NaN
NaN
NaN
